+254735111111
+255774444444
+167444445666
+454554554544
+2548326078609
+2549465718519
+2547820769759
+2548208981709
+2548357214439
+2548412411459
+2549460583809
+2547646814989
+2548248563319
+2549448087109
+2558952118099
+2558622679789
+2557327947769
+2559612397719
+2558834149319
+2558739874119
+2558520047829
+2558928658859
+2558811104269
+2558364928659
+2537716430599
+2538644197129
+2538913576589
+2537662480809
+2538405601429
+2539307508139
+2537708256929
+2538022692219
+2537590240799
+2537504333939